001 002 003 004 005 006 007 008 009 
002 004 006 008 010 012 014 016 018 
003 006 009 012 015 018 021 024 027 
004 008 012 016 020 024 028 032 036 
005 010 015 020 025 030 035 040 045 
006 012 018 024 030 036 042 048 054 
007 014 021 028 035 042 049 056 063 
008 016 024 032 040 048 056 064 072 
009 018 027 036 045 054 063 072 081 
